{
  "gpt": 0.42499999999999966,
  "ml": 0.024999999999999977,
  "xgboost": 0.0,
  "rl": 0.5499999999999996,
  "lstm": 2.7284293047657363e-16,
  "arima": 2.7284922133172656e-16,
  "prophet": 2.724823813695931e-16,
  "transformer": 1.3642696430592318e-16
}